2017 01 01 00   111    28 10134     0     0     2 -9999 -9999
2017 01 01 01   106    39 10138     0     0     2 -9999 -9999
2017 01 01 02    94    33 10145   280    41     2 -9999 -9999
2017 01 01 03    94    33 10146   230    31     2 -9999 -9999
2017 01 01 04   100    44 10147   260    36     2 -9999 -9999
2017 01 01 05    94    39 10148   270    41     2 -9999 -9999
2017 01 01 06   100    44 10145   240    41     2 -9999 -9999
2017 01 01 07   100    61 10147   250    36 -9999 -9999 -9999
2017 01 01 08   106    61 10151   260    51     2     0 -9999
2017 01 01 09   106    61 10146   270    57 -9999     0 -9999
2017 01 01 10   106    56 10147   280    77 -9999     0 -9999
2017 01 01 11   106    50 10147   260    88 -9999     0 -9999
2017 01 01 12   100    44 10139   270    88     8     0 -9999
2017 01 01 13   100    50 10134   250    72 -9999     0 -9999
2017 01 01 14   100    50 10135   270    51 -9999     0 -9999
2017 01 01 15   100    44 10140   280    67 -9999     0 -9999
2017 01 01 16    94    33 10139   270    57 -9999     0 -9999
2017 01 01 17   100    28 10138   260    77 -9999     0 -9999
2017 01 01 18   100    17 10142   280    93     2     0 -9999
2017 01 01 19   111    17 10148   280    82     2     0 -9999
2017 01 01 20   117    22 10144   280   103     2     0 -9999
2017 01 01 21   117    17 10138   270   103     2     0 -9999
2017 01 01 22   117    22 10134   280    98     2     0 -9999
2017 01 01 23   117    17 10132   280   103     4     0 -9999
2017 01 02 00   106    22 10135   290    98     4     0 -9999
2017 01 02 01    94    17 10136   290    62     2     0 -9999
2017 01 02 02    94    28 10136   280    62 -9999     0 -9999
2017 01 02 03    94    33 10141   230    36     4     0 -9999
2017 01 02 04    89    39 10146   260    31 -9999     3 -9999
2017 01 02 05    83    39 10154   250    31 -9999     8 -9999
2017 01 02 06    83    50 10155   210    41     6     0    10
2017 01 02 07    83    50 10153   200    31 -9999    -1 -9999
2017 01 02 08    83    39 10153   320    62 -9999     3 -9999
2017 01 02 09    72    44 10155   180    21 -9999    -1 -9999
2017 01 02 10    72    50 10156   160    31 -9999     0 -9999
2017 01 02 11    78    50 10155   170    31 -9999     0 -9999
2017 01 02 12    72    44 10158   270    36     6     0     3
2017 01 02 13    72    44 10154     0     0 -9999    10 -9999
2017 01 02 14    67    50 10155   150    26 -9999     0 -9999
2017 01 02 15    67    50 10157   140    31 -9999     0 -9999
2017 01 02 16    67    44 10161   130    21 -9999     0 -9999
2017 01 02 17    72    44 10163   160    15 -9999     0 -9999
2017 01 02 18    83    39 10169   160    31     6     0    10
2017 01 02 19    89    56 10170   120    41 -9999     0 -9999
2017 01 02 20   111    50 10166   210    36 -9999     0 -9999
2017 01 02 21   111    39 10164   200    67 -9999     0 -9999
2017 01 02 22   106    39 10165   200    67 -9999     0 -9999
2017 01 02 23   111    39 10165   190    51 -9999     0 -9999
2017 01 03 00   106    44 10165   190    46     6     0 -9999
2017 01 03 01   106    50 10166   170    36 -9999     0 -9999
2017 01 03 02   100    56 10167   150    31 -9999     0 -9999
2017 01 03 03   100    56 10171   140    57 -9999     0 -9999
2017 01 03 04   100    56 10175   140    41 -9999     0 -9999
2017 01 03 05    94    61 10178   130    36 -9999     3 -9999
2017 01 03 06    94    61 10179     0     0     6     3     5
2017 01 03 07    94    61 10187   320    15 -9999     5 -9999
2017 01 03 08    89    72 10192   360    21 -9999    25 -9999
2017 01 03 09    94    67 10190    20    26 -9999     8 -9999
2017 01 03 10    89    72 10194   100    21 -9999     3 -9999
2017 01 03 11    89    72 10193   130    21 -9999     3 -9999
2017 01 03 12    89    72 10189     0     0     8     8    50
2017 01 03 13    89    72 10182   130    72 -9999    13 -9999
2017 01 03 14    89    78 10180   130    57 -9999    10 -9999
2017 01 03 15    94    78 10178   130    36 -9999     3 -9999
2017 01 03 16    94    78 10171   120    36 -9999     3 -9999
2017 01 03 17   100    78 10168   140    51 -9999     0 -9999
2017 01 03 18   106    78 10172   120    41     8     0    30
2017 01 03 19   111    78 10164   120    57 -9999     0 -9999
2017 01 03 20   117    78 10156   130    88 -9999     5 -9999
2017 01 03 21   117    83 10141   130    72 -9999     5 -9999
2017 01 03 22   117    89 10132   120    62 -9999    10 -9999
2017 01 03 23   117    94 10128   130    62 -9999    13 -9999
2017 01 04 00   117    94 10120   130    77     8    20    50
2017 01 04 01   133   100 10113   160   108 -9999    18 -9999
2017 01 04 02   139   100 10108   170   134 -9999    20 -9999
2017 01 04 03   128   106 10115   150    88 -9999     5 -9999
2017 01 04 04   139   111 10112   170   124 -9999    10 -9999
2017 01 04 05   144   111 10110   170   170 -9999     3 -9999
2017 01 04 06   144   117 10116   170   129     8    -1    60
2017 01 04 07   144   117 10117   180   124 -9999    -1 -9999
2017 01 04 08   144   122 10116   170   103 -9999     5 -9999
2017 01 04 09   144   122 10112   190   124 -9999    10 -9999
2017 01 04 10   144   122 10119   220    72 -9999    18 -9999
2017 01 04 11   144   128 10124   210    77 -9999     5 -9999
2017 01 04 12   144   128 10127   250    51     8    18    50
2017 01 04 13   139   122 10129   240    41 -9999     8 -9999
2017 01 04 14   133   117 10133   290    51 -9999    -1 -9999
2017 01 04 15   122   111 10135   310    21 -9999     5 -9999
2017 01 04 16   122   106 10145   320    57 -9999    -1 -9999
2017 01 04 17   117   106 10147   290    36 -9999    -1 -9999
2017 01 04 18   117   100 10155   290    72     8    -1    20
2017 01 04 19   117    89 10155   290    46 -9999     0 -9999
2017 01 04 20   117    89 10147   280    46 -9999     0 -9999
2017 01 04 21   117    83 10145   290    57 -9999     0 -9999
2017 01 04 22   117    78 10144   280    57 -9999     0 -9999
2017 01 04 23   111    78 10150   280    51 -9999     3 -9999
2017 01 05 00   106    72 10146   300    21     8     3     3
2017 01 05 01   100    72 10140   360    36 -9999     8 -9999
2017 01 05 02    94    72 10137   360    31 -9999     5 -9999
2017 01 05 03    89    78 10141   350    57 -9999    10 -9999
2017 01 05 04    89    78 10145   340    31 -9999    13 -9999
2017 01 05 05    89    78 10148   350    31 -9999    13 -9999
2017 01 05 06    94    78 10147     0     0     8     0    50
2017 01 05 07    83    67 10154   280    57 -9999     8 -9999
2017 01 05 08    83    61 10155   270    41 -9999    -1 -9999
2017 01 05 09    89    61 10153     0     0 -9999     0 -9999
2017 01 05 10    83    56 10156     0     0     4     0 -9999
2017 01 05 11    83    50 10156   270    41 -9999     0 -9999
2017 01 05 12    83    44 10160   280    57     6     0     8
2017 01 05 13    78    33 10158   280    41 -9999     0 -9999
2017 01 05 14    78    28 10161   270    41 -9999     0 -9999
2017 01 05 15    67    11 10167   270    57 -9999     0 -9999
2017 01 05 16    67     6 10172   280    51 -9999     0 -9999
2017 01 05 17    78     0 10178   290    46 -9999     0 -9999
2017 01 05 18    94    -6 10181   290    62     2     0 -9999
2017 01 05 19   100    -6 10182   300    72     2     0 -9999
2017 01 05 20   100    11 10176    10    31     2     0 -9999
2017 01 05 21   100    17 10174    10    26     2     0 -9999
2017 01 05 22   100    11 10172    10    31     2     0 -9999
2017 01 05 23   106    17 10174 -9999    21     2     0 -9999
2017 01 06 00   100    17 10177    20    46     2     0 -9999
2017 01 06 01   100    -6 10178   350    36     2     0 -9999
2017 01 06 02    89     0 10180   310    31     2     0 -9999
2017 01 06 03    72     6 10184   300    21     2     0 -9999
2017 01 06 04    67     6 10185   300    26     0     0 -9999
2017 01 06 05    89    -6 10188    40    62     0     0 -9999
2017 01 06 06    78    -6 10192    70    46     0     0 -9999
2017 01 06 07    78   -28 10197    70    36     0     0 -9999
2017 01 06 08    56     0 10196   190    21     0     0 -9999
2017 01 06 09    61   -22 10194    70    46     0     0 -9999
2017 01 06 10    44   -11 10196   130    31     0     0 -9999
2017 01 06 11    44   -17 10195   140    46     0     0 -9999
2017 01 06 12    39   -17 10196   150    36     0     0 -9999
2017 01 06 13    39   -28 10193   150    46     4     0 -9999
2017 01 06 14    39   -28 10196   140    21     4     0 -9999
2017 01 06 15    39   -33 10200   160    41     2     0 -9999
2017 01 06 16    44   -33 10201   120    36     4     0 -9999
2017 01 06 17    50   -28 10207   150    41     4     0 -9999
2017 01 06 18    61   -33 10213   120    36     4     0 -9999
2017 01 06 19    72   -33 10209    70    36 -9999     0 -9999
2017 01 06 20    72   -33 10199 -9999    26 -9999     0 -9999
2017 01 06 21    83   -28 10184    90    26 -9999     0 -9999
2017 01 06 22    89   -17 10181    90    26 -9999     0 -9999
2017 01 06 23    94   -11 10175   100    26 -9999     0 -9999
2017 01 07 00    94    -6 10174   100    21     6     0 -9999
2017 01 07 01    94    22 10177    70    41 -9999     0 -9999
2017 01 07 02    89    11 10172    60    51     4     0 -9999
2017 01 07 03    89    22 10173    60    62 -9999     0 -9999
2017 01 07 04    89    33 10174    60    51 -9999     0 -9999
2017 01 07 05    89    22 10172    60    36 -9999     0 -9999
2017 01 07 06    89    17 10171     0     0     8     0 -9999
2017 01 07 07    89    28 10175 -9999    15 -9999     0 -9999
2017 01 07 08    83    39 10166   110    31 -9999    -1 -9999
2017 01 07 09    78    39 10156   150    36 -9999     3 -9999
2017 01 07 10    83    44 10155    90    15 -9999     3 -9999
2017 01 07 11    78    50 10142    70    77 -9999    18 -9999
2017 01 07 12    78    50 10138    70    57     8     5    30
2017 01 07 13    72    56 10127     0     0 -9999    28 -9999
2017 01 07 14    72    61 10121     0     0 -9999    23 -9999
2017 01 07 15    89    72 10118   100    31 -9999    18 -9999
2017 01 07 16   100    83 10118   130    31 -9999    13 -9999
2017 01 07 17   122    94 10130   120    41 -9999     3 -9999
2017 01 07 18   161   117 10136   170   108     8    -1    80
2017 01 07 19   156   122 10142   180   149 -9999     0 -9999
2017 01 07 20   161   122 10132   170   118 -9999    -1 -9999
2017 01 07 21   156   122 10129   170   124 -9999     3 -9999
2017 01 07 22   161   128 10133   170    88 -9999    -1 -9999
2017 01 07 23   156   128 10138   170    77 -9999    -1 -9999
2017 01 08 00   156   122 10147   130    62     8    -1     3
2017 01 08 01   150   117 10150   150    62 -9999     0 -9999
2017 01 08 02   150   122 10157   150    62 -9999    -1 -9999
2017 01 08 03   150   117 10163   160    41 -9999    -1 -9999
2017 01 08 04   144   117 10160   120    46 -9999    -1 -9999
2017 01 08 05   144   122 10166   150    46 -9999    18 -9999
2017 01 08 06   133   117 10159   100    72     8    20    40
2017 01 08 07   133   122 10163   120    21 -9999    13 -9999
2017 01 08 08   128   117 10158    90    31 -9999    48 -9999
2017 01 08 09   128   117 10141   100    77 -9999    43 -9999
2017 01 08 10   139   122 10136   110    51 -9999    20 -9999
2017 01 08 11   144   122 10127   130    82 -9999    36 -9999
2017 01 08 12   144   122 10118   140    72     8     8   170
2017 01 08 13   144   122 10111   130    72 -9999     3 -9999
2017 01 08 14   144   122 10103   120    72 -9999     5 -9999
2017 01 08 15   172   139 10109   180    82 -9999    41 -9999
2017 01 08 16   167   144 10109   170   113 -9999    20 -9999
2017 01 08 17   167   144 10117   180   149 -9999    23 -9999
2017 01 08 18   172   139 10122   180   160     8     5    90
2017 01 08 19   172   139 -9999   180   175 -9999     5 -9999
2017 01 08 20   178   139 10108   180   165 -9999    10 -9999
2017 01 08 21   167   139 -9999   180   185 -9999    -1 -9999
2017 01 08 22   167   139 10100   180   160 -9999    -1 -9999
2017 01 08 23   167   133 10101   180   144 -9999     8 -9999
2017 01 09 00   161   139 10101   190   118     8    38    90
2017 01 09 01   161   139 10106   200   103 -9999     3 -9999
2017 01 09 02   161   133 10111   190    98 -9999     3 -9999
2017 01 09 03   161   133 10115   190    82 -9999     8 -9999
2017 01 09 04   161   133 10121   220   108 -9999    15 -9999
2017 01 09 05   161   128 10124   210   113 -9999    -1 -9999
2017 01 09 06   156   128 10127   220   108     6     0    30
2017 01 09 07   161   128 10129   220    88 -9999     0 -9999
2017 01 09 08   161   128 10137   240    98 -9999    10 -9999
2017 01 09 09   139   111 10136   240    51 -9999    28 -9999
2017 01 09 10   139   106 10145   250    72 -9999     0 -9999
2017 01 09 11   133   100 10152   250    41 -9999    -1 -9999
2017 01 09 12   128    94 10154   240    67     4     0    40
2017 01 09 13   128    89 10157   230    36     4     0 -9999
2017 01 09 14   122    89 10157   220    21 -9999     0 -9999
2017 01 09 15   122    83 10160   200    15 -9999     0 -9999
2017 01 09 16   122    89 10171   200    31 -9999     0 -9999
2017 01 09 17   122    89 10179   190    31 -9999     0 -9999
2017 01 09 18   133    89 10191   150    26     6     0 -9999
2017 01 09 19   144    83 10195   180    41 -9999     0 -9999
2017 01 09 20   144    78 10185   190    62 -9999     0 -9999
2017 01 09 21   144    83 10173   180    57 -9999     0 -9999
2017 01 09 22   144    83 10174   190    62 -9999     0 -9999
2017 01 09 23   139    89 10175   200    51 -9999     0 -9999
2017 01 10 00   139    94 10173   190    62     8    10    10
2017 01 10 01   133    94 10174   190    62 -9999    -1 -9999
2017 01 10 02   122    94 10176   200    51 -9999     8 -9999
2017 01 10 03   133    94 10174   200    72 -9999     5 -9999
2017 01 10 04   128   100 10170   180    67 -9999     3 -9999
2017 01 10 05   128    94 10170   180    72 -9999    -1 -9999
2017 01 10 06   133   100 10172   190    62     8     5    20
2017 01 10 07   139   100 10174   200    62 -9999     3 -9999
2017 01 10 08   139   106 10171   200   103 -9999     8 -9999
2017 01 10 09   139   106 10164   200    77 -9999    18 -9999
2017 01 10 10   139   111 10161   190    72 -9999    13 -9999
2017 01 10 11   139   111 10159   190    67 -9999    10 -9999
2017 01 10 12   139   111 10153   190    62     8    23    70
2017 01 10 13   133   111 10148   210    36 -9999    13 -9999
2017 01 10 14   133   111 10144   190    31 -9999    10 -9999
2017 01 10 15   133   106 10142   200    67 -9999     5 -9999
2017 01 10 16   139   106 10138   180    88 -9999    13 -9999
2017 01 10 17   139   111 10137   150    77 -9999    10 -9999
2017 01 10 18   150   122 10140   180    72     8     5    60
2017 01 10 19   150   117 10137   190   129 -9999    25 -9999
2017 01 10 20   150   122 -9999   190   118 -9999    -1 -9999
2017 01 10 21   156   117 10105   200   124 -9999    25 -9999
2017 01 10 22   150   122 10098   210   113 -9999    38 -9999
2017 01 10 23   150   122 10086   200   154 -9999    38 -9999
2017 01 11 00   156   122 10072   200   149     8    20   170
2017 01 11 01   150   128 10069   190   134 -9999    10 -9999
2017 01 11 02   150   128 10058   190   144 -9999    28 -9999
2017 01 11 03   156   128 10051   200   154 -9999    64 -9999
2017 01 11 04   133   106 10070   240   108 -9999    66 -9999
2017 01 11 05   133   106 10073   210    82 -9999     8 -9999
2017 01 11 06   133   100 10077   210    88     6     0   180
2017 01 11 07   139   106 10079   210    82 -9999     0 -9999
2017 01 11 08   144    94 10077   230   165 -9999     0 -9999
2017 01 11 09   133    83 10081   240   103 -9999     0 -9999
2017 01 11 10   128    83 10087   240    72 -9999     0 -9999
2017 01 11 11   128    83 10094   250    77 -9999     0 -9999
2017 01 11 12   122    83 10096   240    67     6    -1     0
2017 01 11 13   122    83 10094   200    72 -9999     3 -9999
2017 01 11 14   117    83 10098   240    46 -9999     5 -9999
2017 01 11 15   111    78 10112   260    46 -9999     0 -9999
2017 01 11 16   111    78 10119   230    26 -9999     0 -9999
2017 01 11 17   111    72 10128   280    62 -9999    -1 -9999
2017 01 11 18   117    72 10138   280    67     4    -1     8
2017 01 11 19   122    72 10145   270    77 -9999     0 -9999
2017 01 11 20   117    78 10141   290    46 -9999     0 -9999
2017 01 11 21   122    61 10136   260    46 -9999     0 -9999
2017 01 11 22   122    56 10135   260    51 -9999     0 -9999
2017 01 11 23   122    56 10136   250    51 -9999     0 -9999
2017 01 12 00   122    56 10136   250    51     6     0 -9999
2017 01 12 01   111    56 10135   230    46 -9999     0 -9999
2017 01 12 02   106    56 10135   230    26 -9999     0 -9999
2017 01 12 03   106    61 10135   150    15 -9999     0 -9999
2017 01 12 04   106    61 10132   160    26 -9999     0 -9999
2017 01 12 05   106    56 10127   140    41 -9999     0 -9999
2017 01 12 06   100    56 10128   140    31     6     0 -9999
2017 01 12 07   100    56 10126   120    15 -9999     0 -9999
2017 01 12 08   100    61 10120   100    26 -9999     3 -9999
2017 01 12 09    94    61 10114   150    15 -9999    -1 -9999
2017 01 12 10    83    61 10116   300    57 -9999    15 -9999
2017 01 12 11    83    67 10112   360    26 -9999    13 -9999
2017 01 12 12    89    61 10111   330    41     6    -1    30
2017 01 12 13    78    61 10108   300    31 -9999    13 -9999
2017 01 12 14    78    61 10112   280    31 -9999    10 -9999
2017 01 12 15    78    56 10115   270    31 -9999     0 -9999
2017 01 12 16    78    50 10120   290    31     4     0 -9999
2017 01 12 17    89    56 10132   280    26 -9999     0 -9999
2017 01 12 18    89    50 10140   330    41     6     0    20
2017 01 12 19    94    44 10143   320    46 -9999     0 -9999
2017 01 12 20   100    44 10138   330    31 -9999     0 -9999
2017 01 12 21   106    50 10133    10    31 -9999     0 -9999
2017 01 12 22   106    50 10134    30    31 -9999     0 -9999
2017 01 12 23   106    50 -9999     0     0 -9999     0 -9999
2017 01 13 00   100    61 10142    30    46     6     0 -9999
2017 01 13 01    89    61 10144    20    21 -9999    20 -9999
2017 01 13 02    94    61 10148   180    26 -9999     5 -9999
2017 01 13 03    94    56 10154    20    15 -9999     0 -9999
2017 01 13 04   100    56 10161    10    26 -9999     0 -9999
2017 01 13 05    94    50 10166    30    21 -9999     0 -9999
2017 01 13 06    89    50 10171     0     0     6     0    30
2017 01 13 07    78    56 10176   290    21 -9999     0 -9999
2017 01 13 08    72    50 10179     0     0     4     0 -9999
2017 01 13 09    89    67 10181   340    46 -9999     0 -9999
2017 01 13 10    78    61 10187   310    15     4     0 -9999
2017 01 13 11    61    44 10192   200    15     2     0 -9999
2017 01 13 12    67    50 10197   320    26     6     0 -9999
2017 01 13 13    83    56 10196   350    26     2     0 -9999
2017 01 13 14    56    39 10201     0     0     2     0 -9999
2017 01 13 15    56    33 10206   220    21     2     0 -9999
2017 01 13 16    67    44 10210     0     0     2     0 -9999
2017 01 13 17    83    56 10219     0     0     2     0 -9999
2017 01 13 18    89    56 10227    50    15     2     0 -9999
2017 01 13 19    94    56 10230    50    21     2     0 -9999
2017 01 13 20    94    56 10222     0     0     0     0 -9999
2017 01 13 21   106    56 10217    50    15     0     0 -9999
2017 01 13 22   117    39 10214    90    15     0     0 -9999
2017 01 13 23   133    28 10214     0     0     0     0 -9999
2017 01 14 00   139    17 10217     0     0     0     0 -9999
2017 01 14 01   117    44 10219   280    62     0     0 -9999
2017 01 14 02   106    61 10215   280    41     0     0 -9999
2017 01 14 03   100    67 10218   270    41     0     0 -9999
2017 01 14 04   100    61 10218   280    62     0     0 -9999
2017 01 14 05    94    67 10225   290    36     0     0 -9999
2017 01 14 06    89    56 10228     0     0     6     0 -9999
2017 01 14 07    83    44 10233   190    15     2     0 -9999
2017 01 14 08    89    50 10234   200    15     2     0 -9999
2017 01 14 09    78    44 10226     0     0     0     0 -9999
2017 01 14 10    72    39 10230   260    15     2     0 -9999
2017 01 14 11    56    33 10234   170    15     2     0 -9999
2017 01 14 12    50    28 10233   220    21     2     0 -9999
2017 01 14 13    56    28 10231   280    21     2     0 -9999
2017 01 14 14    44    22 10232   230    15     2     0 -9999
2017 01 14 15    50    33 10233   210    15     2     0 -9999
2017 01 14 16    72    44 10234     0     0     2     0 -9999
2017 01 14 17    83    56 10239     0     0     2     0 -9999
2017 01 14 18    94    61 10243    10    21     2     0 -9999
2017 01 14 19    94    72 10238    30    21     2     0 -9999
2017 01 14 20   100    72 10226    30    26     0     0 -9999
2017 01 14 21   111    67 10218     0     0     0     0 -9999
2017 01 14 22   133    39 10214     0     0     2     0 -9999
2017 01 14 23   144    22 10212 -9999 -9999     2     0 -9999
2017 01 15 00   122    67 10212   280    57     2     0 -9999
2017 01 15 01   106    67 10211   280    67     2     0 -9999
2017 01 15 02   100    67 10213   280    62     2     0 -9999
2017 01 15 03   100    67 10213   270    57     2     0 -9999
2017 01 15 04    94    61 10212   280    51     2     0 -9999
2017 01 15 05    89    61 10213   320    26     2     0 -9999
2017 01 15 06    94    67 10210     0     0     4     0 -9999
2017 01 15 07    83    56 10211     0     0     2     0 -9999
2017 01 15 08    89    56 10210    20    15     0     0 -9999
2017 01 15 09    72    50 10206     0     0     0     0 -9999
2017 01 15 10    67    50 10205   260    15     0     0 -9999
2017 01 15 11    72    44 10208     0     0     4     0 -9999
2017 01 15 12    61    50 10206   190    15     2     0 -9999
2017 01 15 13    78    61 10204    30    21 -9999     0 -9999
2017 01 15 14    83    61 10204   360    15 -9999     0 -9999
2017 01 15 15    78    61 10205     0     0 -9999     0 -9999
2017 01 15 16    78    61 10210   350    26 -9999     0 -9999
2017 01 15 17    78    61 10216     0     0 -9999     0 -9999
2017 01 15 18    78    56 10220    10    26     6     0 -9999
2017 01 15 19    89    56 10220     0     0     2     0 -9999
2017 01 15 20   100    56 10211    40    26     2     0 -9999
2017 01 15 21   106    50 10204    10    15     2     0 -9999
2017 01 15 22   111    56 10199    30    26     2     0 -9999
2017 01 15 23   111    50 10197     0     0     2     0 -9999
2017 01 16 00   111    50 10196    40    15     0     0 -9999
2017 01 16 01   106    56 10199    40    26     2     0 -9999
2017 01 16 02   100    50 10204     0     0     2     0 -9999
2017 01 16 03    94    44 10204   220    26     0     0 -9999
2017 01 16 04    83    61 10205   280    26     0     0 -9999
2017 01 16 05    89    61 10208     0     0     0     0 -9999
2017 01 16 06    78    44 10212     0     0     0     0 -9999
2017 01 16 07    78    50 10212   180    15     0     0 -9999
2017 01 16 08    72    44 10211     0     0     0     0 -9999
2017 01 16 09    83    56 10206 -9999    21     2     0 -9999
2017 01 16 10    89    39 10206    40    51     2     0 -9999
2017 01 16 11    83    44 10205   100    46     2     0 -9999
2017 01 16 12    78    39 10205    80    67     2     0 -9999
2017 01 16 13    83    39 10208    80    51     2     0 -9999
2017 01 16 14    78    33 10209    70    46     2     0 -9999
2017 01 16 15    72    33 10213    70    46     2     0 -9999
2017 01 16 16    78    33 10215    80    41     0     0 -9999
2017 01 16 17    72    39 10214   130    31     2     0 -9999
2017 01 16 18    78    33 10219   120    41     2     0 -9999
2017 01 16 19    89    39 10221    80    26     2     0 -9999
2017 01 16 20   106    56 10213   100    36     2     0 -9999
2017 01 16 21   111    33 10206    80    21     2     0 -9999
2017 01 16 22   117    39 10197    80    26     2     0 -9999
2017 01 16 23   117    50 10194    60    21     2     0 -9999
2017 01 17 00   117    56 10192    40    26     2     0 -9999
2017 01 17 01   111    67 10191    20    26     2     0 -9999
2017 01 17 02   111    50 10192   340    31     2     0 -9999
2017 01 17 03    94    39 10196   290    36     0     0 -9999
2017 01 17 04   100    39 10197   330    21     0     0 -9999
2017 01 17 05   100    39 10201   350    26     0     0 -9999
2017 01 17 06    94    50 10200    30    41     0     0 -9999
2017 01 17 07    89    56 10200   350    36     0     0 -9999
2017 01 17 08    89    56 10198   360    31     0     0 -9999
2017 01 17 09    83    50 10198     0     0     0     0 -9999
2017 01 17 10    83    50 10199   350    21     0     0 -9999
2017 01 17 11    67    44 10199     0     0     0     0 -9999
2017 01 17 12    50    33 10196   190    15     2     0 -9999
2017 01 17 13    56    39 10196   270    15 -9999     0 -9999
2017 01 17 14    56    44 10197   170    15 -9999     0 -9999
2017 01 17 15    67    44 10188   120    51 -9999     0 -9999
2017 01 17 16    61    39 10196   230    15 -9999     0 -9999
2017 01 17 17    72    44 10207     0     0 -9999     0 -9999
2017 01 17 18    78    39 10211     0     0     6     0 -9999
2017 01 17 19    83    44 10210   110    21 -9999     0 -9999
2017 01 17 20    94    44 10208    10    15 -9999     0 -9999
2017 01 17 21    94    50 10197    10    21 -9999     0 -9999
2017 01 17 22   100    50 10192     0     0 -9999     0 -9999
2017 01 17 23   100    50 10194     0     0 -9999     0 -9999
2017 01 18 00   106    61 10198    10    21     6     0 -9999
2017 01 18 01   106    56 10198    20    21 -9999     0 -9999
2017 01 18 02   106    67 10200    20    36 -9999     0 -9999
2017 01 18 03   100    61 10203    10    36 -9999     0 -9999
2017 01 18 04   100    61 10205   360    26 -9999     0 -9999
2017 01 18 05   100    61 10201    30    36 -9999     0 -9999
2017 01 18 06   100    67 10195   140    26     8     0 -9999
2017 01 18 07    94    61 10190   160    26 -9999     0 -9999
2017 01 18 08    94    61 10197   310    26 -9999     0 -9999
2017 01 18 09   100    67 10191   340    15 -9999     0 -9999
2017 01 18 10   100    72 10187    50    15 -9999     0 -9999
2017 01 18 11    94    72 10185    10    36 -9999     0 -9999
2017 01 18 12    94    72 10188    30    31     8    -1 -9999
2017 01 18 13    94    78 10175   130    57 -9999    13 -9999
2017 01 18 14    94    72 10182   170    36 -9999    -1 -9999
2017 01 18 15   100    72 10171   150    21 -9999     0 -9999
2017 01 18 16   100    67 10157   140    41 -9999     0 -9999
2017 01 18 17   106    72 10155     0     0 -9999    -1 -9999
2017 01 18 18   106    78 10183   300    21     8    10    20
2017 01 18 19   106    83 10164   140    62 -9999    13 -9999
2017 01 18 20   111    72 10144   130    93 -9999    10 -9999
2017 01 18 21   111    83 10123   130   103 -9999    33 -9999
2017 01 18 22   111    89 10104   140    82 -9999    23 -9999
2017 01 18 23   111    83 10087   150    77 -9999    10 -9999
2017 01 19 00   111    83 10075   130   113     8     8   100
2017 01 19 01   111    89 10065   130   118 -9999     8 -9999
2017 01 19 02   111    89 10059   130    72 -9999     5 -9999
2017 01 19 03   122   100 10060   170   124 -9999    30 -9999
2017 01 19 04   117   100 10078   210    41 -9999    64 -9999
2017 01 19 05   111    89 10084   130    26 -9999     3 -9999
2017 01 19 06   117    89 10092   140    31     6     0   110
2017 01 19 07   122    78 10097   210    62 -9999     0 -9999
2017 01 19 08   122    83 10098   210    88 -9999    -1 -9999
2017 01 19 09   122    83 10094   220    88 -9999    -1 -9999
2017 01 19 10   128    83 10097   230    57 -9999     0 -9999
2017 01 19 11   122    78 10100   230    67     4     0 -9999
2017 01 19 12   117    78 10097   210    36     4     0     0
2017 01 19 13   111    83 10095   190    62 -9999    -1 -9999
2017 01 19 14   106    72 10099   180    15 -9999    -1 -9999
2017 01 19 15   117    83 10107   230    36 -9999     3 -9999
2017 01 19 16   122    83 10111   230    31 -9999     0 -9999
2017 01 19 17   106    61 10117   220    67 -9999     8 -9999
2017 01 19 18   122    78 10123   230    77     4    -1    10
2017 01 19 19   133    67 10122   240    62 -9999     3 -9999
2017 01 19 20   133    78 10116   270    67 -9999     0 -9999
2017 01 19 21   139    83 10108   270    57 -9999     0 -9999
2017 01 19 22   139    67 10103   230    57 -9999     0 -9999
2017 01 19 23   133    72 -9999   250    62 -9999     0 -9999
2017 01 20 00   128    72 10105   250    41     6     0     3
2017 01 20 01   122    72 10103   200    26 -9999    -1 -9999
2017 01 20 02   117    78 10097   150    31     4     0 -9999
2017 01 20 03   117    78 10089   130    41 -9999     0 -9999
2017 01 20 04   117    67 10083   140    36 -9999     0 -9999
2017 01 20 05   117    72 10082   180    57 -9999     0 -9999
2017 01 20 06   111    78 10069   160    67     8    -1    -1
2017 01 20 07   111    72 10053   150    67 -9999    -1 -9999
2017 01 20 08   111    72 10039   160    57 -9999    -1 -9999
2017 01 20 09   100    78 10022   150    41 -9999     8 -9999
2017 01 20 10   100    78  9992   130    72 -9999    30 -9999
2017 01 20 11   100    78  9961   140   108 -9999    13 -9999
2017 01 20 12   100    78  9934   120   103     8    33    80
2017 01 20 13    94    61  9941   360    41 -9999   114 -9999
2017 01 20 14   100    78  9934   100    72 -9999    -1 -9999
2017 01 20 15    94    78  9936   120    21 -9999    15 -9999
2017 01 20 16   100    78  9937   200    15 -9999    10 -9999
2017 01 20 17   106    72  9943     0     0 -9999     5 -9999
2017 01 20 18   111    78  9941   200    41     8    10   160
2017 01 20 19   133    61  9942   250    72     2     0 -9999
2017 01 20 20   111    67  9940   220    51 -9999     3 -9999
2017 01 20 21   111    67  9940   260   118 -9999     3 -9999
2017 01 20 22   117    56  9936   240    77 -9999    15 -9999
2017 01 20 23   117    61  9934   230    51     4     3 -9999
2017 01 21 00   111    56  9937   230    72     6     0    20
2017 01 21 01    83    50  9946   270    72 -9999    18 -9999
2017 01 21 02   100    61  9948   270    62 -9999    10 -9999
2017 01 21 03   100    56  9957   250    57 -9999    -1 -9999
2017 01 21 04   100    50  9965   250    57     4     3 -9999
2017 01 21 05   100    50  9974   250    46 -9999     8 -9999
2017 01 21 06   106    50  9981   260    62     4     0    40
2017 01 21 07   106    56  9989   220    36 -9999     0 -9999
2017 01 21 08   100    56  9994   260    51     4     3 -9999
2017 01 21 09   106    56  9999   240    62     2    -1 -9999
2017 01 21 10   106    61 10009   240    41     4     5 -9999
2017 01 21 11   106    61 10018   240    72 -9999     0 -9999
2017 01 21 12   100    50 10024   240    72     4    -1     8
2017 01 21 13    94    61 10039   280    51 -9999     8 -9999
2017 01 21 14   111    67 10048   250    72 -9999     5 -9999
2017 01 21 15    94    50 10061   250    36 -9999     3 -9999
2017 01 21 16   100    61 10073   230    46     4    18 -9999
2017 01 21 17   117    72 10087   220    46     4     0 -9999
2017 01 21 18   122    67 10097   260    51     6     0    30
2017 01 21 19   128    67 10108   200    31 -9999     0 -9999
2017 01 21 20   133    67 10108   230    41 -9999     0 -9999
2017 01 21 21   117    67 10111   230    41 -9999    -1 -9999
2017 01 21 22   128    72 10111   190    57 -9999     3 -9999
2017 01 21 23   128    61 10112   170    51 -9999    -1 -9999
2017 01 22 00   122    67 10113   150    46     8     0     3
2017 01 22 01   117    67 10113   160    62 -9999     3 -9999
2017 01 22 02   111    72 10114   150    41 -9999     3 -9999
2017 01 22 03   100    72 10112   130    51 -9999    13 -9999
2017 01 22 04   100    61 10106   130    72 -9999    10 -9999
2017 01 22 05   100    61 10096   120    67 -9999     3 -9999
2017 01 22 06   100    67 10084   120    67     8    -1    30
2017 01 22 07   106    61 10075   120    72 -9999    -1 -9999
2017 01 22 08   111    56 10058   140   108 -9999     0 -9999
2017 01 22 09   106    67 10047   140   134 -9999     5 -9999
2017 01 22 10   100    72 10036   120    93 -9999    -1 -9999
2017 01 22 11   106    78 10036   130    77 -9999    -1 -9999
2017 01 22 12   117    83 10031   160    98     8     8    10
2017 01 22 13   122    94 10041   180   108 -9999    43 -9999
2017 01 22 14   111    89 10054   210    51 -9999     8 -9999
2017 01 22 15   117    78 10065   240    46 -9999     0 -9999
2017 01 22 16   111    78 10072   220    31     4     0 -9999
2017 01 22 17   122    72 10080 -9999    15 -9999     0 -9999
2017 01 22 18   128    83 10086   170    36     6     0    50
2017 01 22 19   139    78 10084   150    41 -9999     0 -9999
2017 01 22 20   139    56 10072   170    46 -9999     0 -9999
2017 01 22 21   139    50 10059   190    41 -9999     0 -9999
2017 01 22 22   117    56 10049   200    57 -9999     5 -9999
2017 01 22 23   100    61 10047   240    51 -9999    15 -9999
2017 01 23 00    94    61 10051   260    62     8    61    80
2017 01 23 01    94    61 10048   260    36 -9999    15 -9999
2017 01 23 02   100    56 10048    80    21 -9999     0 -9999
2017 01 23 03    94    61 10052   190    21 -9999     0 -9999
2017 01 23 04   100    61 10052   150    41 -9999    -1 -9999
2017 01 23 05   100    61 10055   210    21 -9999    -1 -9999
2017 01 23 06    94    56 10058   190    31     6     5    20
2017 01 23 07    94    50 10063   230    57 -9999     8 -9999
2017 01 23 08    89    44 10063   210    36 -9999    -1 -9999
2017 01 23 09    89    50 10068   210    26 -9999     0 -9999
2017 01 23 10    89    56 10070   170    26 -9999     0 -9999
2017 01 23 11    83    50 10071   190    21 -9999    20 -9999
2017 01 23 12    83    39 10073   180    21     6     0    30
2017 01 23 13    83    50 10079     0     0 -9999     0 -9999
2017 01 23 14    89    50 10082    30    21     4    -1 -9999
2017 01 23 15    83    56 10088   160    15 -9999     3 -9999
2017 01 23 16    83    56 10095   150    26 -9999     0 -9999
2017 01 23 17    83    44 10105   190    15 -9999    23 -9999
2017 01 23 18    94    61 10112   130    36     6     0    30
2017 01 23 19    94    50 -9999   260    36 -9999     2 -9999
2017 01 23 20   100    56 10117     0     0 -9999     5 -9999
2017 01 23 21   100    61 10110    90    21     4    -1 -9999
2017 01 23 22   111    56 10107 -9999    15 -9999     0 -9999
2017 01 23 23   111    50 10107   280    41 -9999     0 -9999
2017 01 24 00   117    39 10108   230    41     6     0    10
2017 01 24 01   100    39 10110   220    26 -9999     0 -9999
2017 01 24 02   100    39 10111   190    21 -9999     0 -9999
2017 01 24 03    89    44 10115   180    31 -9999     3 -9999
2017 01 24 04    89    44 10118     0     0 -9999    -1 -9999
2017 01 24 05    78    44 10123   220    51 -9999    13 -9999
2017 01 24 06    78    39 10122   160    31     6     8    20
2017 01 24 07    78    44 10126   130    26     4     0 -9999
2017 01 24 08    72    50 10125   150    36     4     0 -9999
2017 01 24 09    72    50 10124   130    41     4     0 -9999
2017 01 24 10    61    44 10128     0     0     4     0 -9999
2017 01 24 11    61    39 10131   150    26     2     0 -9999
2017 01 24 12    56    39 10134   130    26     4     0 -9999
2017 01 24 13    56    39 10140   150    15     4     0 -9999
2017 01 24 14    56    33 10147   230    15     4     0 -9999
2017 01 24 15    72    39 10156     0     0 -9999     0 -9999
2017 01 24 16    67    44 10164   190    15 -9999     0 -9999
2017 01 24 17    83    50 10175    10    21 -9999     0 -9999
2017 01 24 18    83    44 10184   350    36     6     0 -9999
2017 01 24 19    89    44 10191    30    57 -9999     0 -9999
2017 01 24 20    94    50 10191    30    51 -9999     0 -9999
2017 01 24 21   106    50 10188    10    21     2     0 -9999
2017 01 24 22   111    50 10186    10    21     2     0 -9999
2017 01 24 23   117    44 10190   330    15     2     0 -9999
2017 01 25 00   117    39 10198   340    31     2     0 -9999
2017 01 25 01   117    50 10204   350    15     2     0 -9999
2017 01 25 02   100    50 10210   280    51     2     0 -9999
2017 01 25 03   100    56 10217   270    36     0     0 -9999
2017 01 25 04    94    50 10217   290    15     0     0 -9999
2017 01 25 05    83    44 10224     0     0     0     0 -9999
2017 01 25 06    83    44 10231   200    21     0     0 -9999
2017 01 25 07    78    39 10234     0     0     0     0 -9999
2017 01 25 08    72    39 10237   300    15     0     0 -9999
2017 01 25 09    67    44 10236     0     0     0     0 -9999
2017 01 25 10    72    50 10244     0     0     0     0 -9999
2017 01 25 11    61    39 10247     0     0     0     0 -9999
2017 01 25 12    56    39 10249     0     0     2     0 -9999
2017 01 25 13    67    44 10251     0     0     2     0 -9999
2017 01 25 14    56    39 10254     0     0     2     0 -9999
2017 01 25 15    61    44 10258   110    21     2     0 -9999
2017 01 25 16    61    44 10262   160    26 -9999     0 -9999
2017 01 25 17    83    61 10265     0     0 -9999     0 -9999
2017 01 25 18    94    67 10273    70    15     2     0 -9999
2017 01 25 19   106    67 10277    60    26 -9999     0 -9999
2017 01 25 20   122    56 10272   280    57 -9999     0 -9999
2017 01 25 21   133    56 10266   280    62     4     0 -9999
2017 01 25 22   133    50 10263   290    51     4     0 -9999
2017 01 25 23   128    56 10265   280    46     4     0 -9999
2017 01 26 00   122    44 10268   270    46     6     0 -9999
2017 01 26 01   117    56 10271   280    41 -9999     0 -9999
2017 01 26 02   106    50 10272   280    41 -9999     0 -9999
2017 01 26 03   100    50 10275   270    31     4     0 -9999
2017 01 26 04   100    50 10279   270    36     2     0 -9999
2017 01 26 05    94    56 10284   300    26 -9999     0 -9999
2017 01 26 06    89    56 10287   290    21     6     0 -9999
2017 01 26 07    89    56 10295   280    21     4     0 -9999
2017 01 26 08    78    50 10291   170    15     2     0 -9999
2017 01 26 09    67    50 10290     0     0     4     0 -9999
2017 01 26 10    67    44 10289     0     0     4     0 -9999
2017 01 26 11    61    39 10293   280    21     4     0 -9999
2017 01 26 12    67    50 10296   260    15     6     0 -9999
2017 01 26 13    72    50 10298     0     0 -9999     0 -9999
2017 01 26 14    72    56 10300   200    15 -9999     0 -9999
2017 01 26 15    78    56 10300   130    26 -9999     0 -9999
2017 01 26 16    72    50 10300   140    21 -9999     0 -9999
2017 01 26 17    89    56 10309     0     0     4     0 -9999
2017 01 26 18    94    61 10318     0     0     6     0 -9999
2017 01 26 19   100    61 10319    90    15     2     0 -9999
2017 01 26 20   106    50 10312     0     0     2     0 -9999
2017 01 26 21   111    56 10307   360    15     2     0 -9999
2017 01 26 22   122    44 10301   340    21     2     0 -9999
2017 01 26 23   122    61 10301    20    31     2     0 -9999
2017 01 27 00   133    44 10301   340    36     2     0 -9999
2017 01 27 01   128    44 10300   340    31     2     0 -9999
2017 01 27 02   106    61 10302   290    46     2     0 -9999
2017 01 27 03   100    67 10304   280    36     2     0 -9999
2017 01 27 04    94    67 10306   290    31 -9999     0 -9999
2017 01 27 05    94    61 10308   280    26 -9999     0 -9999
2017 01 27 06    89    50 10313   200    15 -9999     0 -9999
2017 01 27 07    94    56 10320     0     0 -9999     0 -9999
2017 01 27 08    67    39 10319   210    21 -9999     0 -9999
2017 01 27 09    72    39 10321     0     0     0     0 -9999
2017 01 27 10    61    33 10320   200    15     0     0 -9999
2017 01 27 11    56    33 10322     0     0     0     0 -9999
2017 01 27 12    56    33 10327    90    15     0     0 -9999
2017 01 27 13    67    28 10332     0     0     0     0 -9999
2017 01 27 14    89    44 10337    30    36     2     0 -9999
2017 01 27 15   100    44 10339    60    31 -9999     0 -9999
2017 01 27 16    83    33 10342   150    31     2     0 -9999
2017 01 27 17    94    22 10352   140    31     2     0 -9999
2017 01 27 18   111    11 10357   110    31     0     0 -9999
2017 01 27 19   117    28 10356   100    36     0     0 -9999
2017 01 27 20   122     6 10346    90    15     0     0 -9999
2017 01 27 21   133     0 10343     0     0     2     0 -9999
2017 01 27 22   139     6 10341     0     0     2     0 -9999
2017 01 27 23   139    33 10338   100    21 -9999     0 -9999
2017 01 28 00   139    11 10342     0     0     2     0 -9999
2017 01 28 01   128    22 10345   280    57     2     0 -9999
2017 01 28 02   111    39 10349   280    57     2     0 -9999
2017 01 28 03   106    44 10352   280    46     2     0 -9999
2017 01 28 04   100    61 10353   280    41     2     0 -9999
2017 01 28 05   106    61 10354   310    15     2     0 -9999
2017 01 28 06   100    50 10354     0     0     0     0 -9999
2017 01 28 07    94    61 10350    80    26     0     0 -9999
2017 01 28 08    83    56 10348   120    26     0     0 -9999
2017 01 28 09    89    39 10346   130    21     0     0 -9999
2017 01 28 10    56    33 10348   210    21     0     0 -9999
2017 01 28 11    56    28 10351   270    21     0     0 -9999
2017 01 28 12    67    28 10347   220    21     0     0 -9999
2017 01 28 13    72    39 10352     0     0     0     0 -9999
2017 01 28 14    50    22 10352     0     0     0     0 -9999
2017 01 28 15    56    33 10349   150    21     2     0 -9999
2017 01 28 16    72    39 10355   120    21     4     0 -9999
2017 01 28 17    78    33 10354   140    31 -9999     0 -9999
2017 01 28 18    94    28 10356   140    31     6     0 -9999
2017 01 28 19   111    33 10352   100    15     4     0 -9999
2017 01 28 20   117    44 10340    90    15     4     0 -9999
2017 01 28 21   128    44 10328     0     0     4     0 -9999
2017 01 28 22   133    67 10320    10    21     4     0 -9999
2017 01 28 23   128    78 10319   360    31     4     0 -9999
2017 01 29 00   139    67 10319    10    21     2     0 -9999
2017 01 29 01   150    44 10319     0     0     2     0 -9999
2017 01 29 02   139    39 10318     0     0     2     0 -9999
2017 01 29 03   122    56 10320     0     0     2     0 -9999
2017 01 29 04   117    61 10322    90    26     2     0 -9999
2017 01 29 05   106    61 10323    90    21     2     0 -9999
2017 01 29 06    89    50 10322   180    15     2     0 -9999
2017 01 29 07    89    44 10320   200    15     2     0 -9999
2017 01 29 08    78    44 10319     0     0     0     0 -9999
2017 01 29 09    78    39 10317   210    21     0     0 -9999
2017 01 29 10    72    44 10317   190    15     0     0 -9999
2017 01 29 11    83    56 10316     0     0     2     0 -9999
2017 01 29 12    61    39 10310     0     0     4     0 -9999
2017 01 29 13    67    50 10306   160    21     4     0 -9999
2017 01 29 14    50    33 10307   170    15     4     0 -9999
2017 01 29 15    67    44 10308   140    26     2     0 -9999
2017 01 29 16    72    39 10314   130    15     2     0 -9999
2017 01 29 17    94    44 10316   140    21     2     0 -9999
2017 01 29 18   106    56 10317   100    21     2     0 -9999
2017 01 29 19   111    56 10316    60    21     2     0 -9999
2017 01 29 20   117    56 10308     0     0     2     0 -9999
2017 01 29 21   133    44 10294   140    26     2     0 -9999
2017 01 29 22   133    78 10285    90    26     4     0 -9999
2017 01 29 23   144    61 10277   110    26 -9999     0 -9999
2017 01 30 00   133    78 10274    40    15     6     0 -9999
2017 01 30 01   122    89 10271    10    21 -9999     0 -9999
2017 01 30 02   122    78 10268     0     0 -9999     0 -9999
2017 01 30 03   122    67 10265     0     0     2     0 -9999
2017 01 30 04   117    50 10263     0     0     2     0 -9999
2017 01 30 05   111    44 10261   170    15     2     0 -9999
2017 01 30 06   111    39 10261     0     0     4     0 -9999
2017 01 30 07   111    61 10260    30    26     4     0 -9999
2017 01 30 08    94    56 10255     0     0     4     0 -9999
2017 01 30 09    89    50 10251     0     0     2     0 -9999
2017 01 30 10    72    50 10249   190    15     2     0 -9999
2017 01 30 11    78    44 10246     0     0     2     0 -9999
2017 01 30 12    61    39 10242     0     0     2     0 -9999
2017 01 30 13    61    39 10240     0     0     2     0 -9999
2017 01 30 14    56    33 10241     0     0     2     0 -9999
2017 01 30 15    61    39 10242     0     0     2     0 -9999
2017 01 30 16    89    67 10243    10    21 -9999     0 -9999
2017 01 30 17   100    67 10246    20    31 -9999     0 -9999
2017 01 30 18   106    67 10247    20    26     6     0 -9999
2017 01 30 19   106    67 10246    10    21 -9999     0 -9999
2017 01 30 20   117    72 10240 -9999    21 -9999     0 -9999
2017 01 30 21   128    78 10230    20    26 -9999     0 -9999
2017 01 30 22   133    83 10223    20    21 -9999 -9999 -9999
2017 01 30 23   133    78 10218     0     0 -9999 -9999 -9999
2017 01 31 00   156    50 10217     0     0     6 -9999 -9999
2017 01 31 01   139    50 10212     0     0 -9999     0 -9999
2017 01 31 02   128    67 10210    40    21 -9999     0 -9999
2017 01 31 03   128    61 10207     0     0     2     0 -9999
2017 01 31 04   117    61 10207     0     0     2     0 -9999
2017 01 31 05   117    56 10210     0     0     2     0 -9999
2017 01 31 06   111    61 10213     0     0     0     0 -9999
2017 01 31 07   106    56 10216   190    15     2     0 -9999
2017 01 31 08    94    56 10216   150    15     4     0 -9999
2017 01 31 09    83    50 10212     0     0     2     0 -9999
2017 01 31 10    78    44 10212     0     0     2     0 -9999
2017 01 31 11    56    33 10208   210    15     2     0 -9999
2017 01 31 12    67    56 10204     0     0     2     0 -9999
2017 01 31 13    61    39 10203   200    21     2     0 -9999
2017 01 31 14    56    39 10199     0     0     4     0 -9999
2017 01 31 15    67    50 10200     0     0     2     0 -9999
2017 01 31 16    67    56 10202     0     0     4     0 -9999
2017 01 31 17    83    56 10203     0     0 -9999     0 -9999
2017 01 31 18   106    67 10206     0     0     6     0 -9999
2017 01 31 19   106    72 10205    30    15 -9999     0 -9999
2017 01 31 20   117    72 10199     0     0 -9999     0 -9999
2017 01 31 21   122    67 10189     0     0 -9999     0 -9999
2017 01 31 22   128    83 10179    50    15 -9999 -9999 -9999
2017 01 31 23   139    72 10175   350    21 -9999 -9999 -9999
2017 02 01 00   128    89 10175     0     0     6 -9999 -9999
2017 02 01 01   150    67 10172     0     0 -9999 -9999 -9999
2017 02 01 02   139    78 10172     0     0 -9999 -9999 -9999
2017 02 01 03   128    72 10168     0     0 -9999 -9999 -9999
2017 02 01 04   122    72 10171     0     0 -9999 -9999 -9999
2017 02 01 05   117    78 10172     0     0 -9999 -9999 -9999
2017 02 01 06   111    72 10175     0     0     6 -9999 -9999
2017 02 01 07   106    72 10169   150    21 -9999 -9999 -9999
2017 02 01 08   111    72 10166     0     0 -9999 -9999 -9999
2017 02 01 09   100    67 10162     0     0 -9999     0 -9999
2017 02 01 10    89    61 10159     0     0 -9999     0 -9999
2017 02 01 11    89    67 10151     0     0 -9999     0 -9999
2017 02 01 12    83    61 10155   250    21     6     0 -9999
2017 02 01 13    94    72 10144    60    15 -9999     0 -9999
2017 02 01 14    94    67 10154     0     0 -9999     0 -9999
2017 02 01 15    94    72 10163   300    15 -9999     0 -9999
2017 02 01 16   106    89 10151   110    26 -9999     0 -9999
2017 02 01 17   106    89 10161     0     0 -9999     0 -9999
2017 02 01 18   106    78 10157   140    36     8     0 -9999
2017 02 01 19   111    83 10152    90    21 -9999     0 -9999
2017 02 01 20   111    83 10159    10    15 -9999     0 -9999
2017 02 01 21   111    83 10150    10    36 -9999     0 -9999
2017 02 01 22   117    83 10118    80    46 -9999     0 -9999
2017 02 01 23   133    72 10129     0     0 -9999     0 -9999
2017 02 02 00   133    67 10135   330    57     6     0 -9999
2017 02 02 01   117    89 10133    20    62 -9999     0 -9999
2017 02 02 02   128    67 10136   320    46 -9999     0 -9999
2017 02 02 03   122    72 10131   360    62 -9999     0 -9999
2017 02 02 04   122    67 10140   270    31     4     0 -9999
2017 02 02 05   117    72 10138   320    36 -9999     0 -9999
2017 02 02 06   117    72 10146   350    15     2     0 -9999
2017 02 02 07   117    78 10138   350    41 -9999     0 -9999
2017 02 02 08   111    83 10138    40    46 -9999     3 -9999
2017 02 02 09   106    83 10140     0     0 -9999     3 -9999
2017 02 02 10   106    83 10134   100    26 -9999     8 -9999
2017 02 02 11   106    83 10126   120    77 -9999     5 -9999
2017 02 02 12   111    83 10131   120    67     8    -1    20
2017 02 02 13   111    83 10132   130    67 -9999    -1 -9999
2017 02 02 14   111    89 10133   110    51 -9999     3 -9999
2017 02 02 15   117    94 10138   120    31 -9999    15 -9999
2017 02 02 16   122    94 10143   110    67 -9999     3 -9999
2017 02 02 17   128   100 10148   110    62 -9999 -9999 -9999
2017 02 02 18   133   106 10153   110    36     6 -9999    20
2017 02 02 19   150   122 10158   180    51 -9999    -1 -9999
2017 02 02 20   161   122 10153   170    62 -9999    -1 -9999
2017 02 02 21   161   117 10147   160    62 -9999 -9999 -9999
2017 02 02 22   161   117 -9999   180    41 -9999 -9999 -9999
2017 02 02 23   150   128 10141   180    57 -9999    -1 -9999
2017 02 03 00   156   128 10142   180    46     8     2     3
2017 02 03 01   150   122 10142   150    36 -9999    -1 -9999
2017 02 03 02   150   117 10143   160    46 -9999 -9999 -9999
2017 02 03 03   144   117 10139   140    46 -9999 -9999 -9999
2017 02 03 04   144   117 10140   150    41 -9999 -9999 -9999
2017 02 03 05   144   117 10139   140    31 -9999 -9999 -9999
2017 02 03 06   150   117 10137   140    26     6 -9999    -1
2017 02 03 07   139   117 10131   100    36 -9999    -1 -9999
2017 02 03 08   150   117 10125   150    31 -9999 -9999 -9999
2017 02 03 09   156   117 10119   130    26 -9999 -9999 -9999
2017 02 03 10   156   122 10112   170    77 -9999     2 -9999
2017 02 03 11   156   122 10104   170    88 -9999    -1 -9999
2017 02 03 12   150   117 10101   190   118     8    20    20
2017 02 03 13   156   122 10097   190   134 -9999    10 -9999
2017 02 03 14   150   122 10099   180    67 -9999    35 -9999
2017 02 03 15   144   106 10111   210    72 -9999     5 -9999
2017 02 03 16   144   106 10125   230    67 -9999 -9999 -9999
2017 02 03 17   144   100 10133   210    67 -9999 -9999 -9999
2017 02 03 18   150   111 10134   190    72     6 -9999    50
2017 02 03 19   150   111 10139   220    77 -9999 -9999 -9999
2017 02 03 20   156   111 10136   190    98 -9999 -9999 -9999
2017 02 03 21   161   111 10130   200    77 -9999 -9999 -9999
2017 02 03 22   156   111 10131   190    82 -9999 -9999 -9999
2017 02 03 23   156   111 10132   200    93 -9999 -9999 -9999
2017 02 04 00   156   111 10135   200    67     6 -9999 -9999
2017 02 04 01   150   106 10142   220    46 -9999 -9999 -9999
2017 02 04 02   150   106 10149   200    57 -9999 -9999 -9999
2017 02 04 03   139   106 10156   230    46 -9999     2 -9999
2017 02 04 04   144   111 10160   210    62 -9999     2 -9999
2017 02 04 05   139   111 10169   230    51 -9999    -1 -9999
2017 02 04 06   133   111 10173   200    21     6    15    20
2017 02 04 07   128   117 10177     0     0 -9999     5 -9999
2017 02 04 08   128   117 10180     0     0 -9999    12 -9999
2017 02 04 09   133   111 10180   140    46 -9999    -1 -9999
2017 02 04 10   133   106 10180   120    46 -9999    -1 -9999
2017 02 04 11   133   111 10182   140    36 -9999     2 -9999
2017 02 04 12   128   111 10179   130    36     8     7    30
2017 02 04 13   128   106 10180   130    41 -9999    -1 -9999
2017 02 04 14   133   111 10184   190    31 -9999     2 -9999
2017 02 04 15   133   111 10189   200    36 -9999     5 -9999
2017 02 04 16   139   111 10194   210    46 -9999     5 -9999
2017 02 04 17   144   111 10197   200    36 -9999     7 -9999
2017 02 04 18   144   111 10202   180    21     6     5    30
2017 02 04 19   150   111 10205   200    36 -9999     5 -9999
2017 02 04 20   144   117 10201 -9999    31 -9999    -1 -9999
2017 02 04 21   150   111 10193   200    46 -9999     5 -9999
2017 02 04 22   156   106 10187   210    26 -9999 -9999 -9999
2017 02 04 23   156   100 10188   220    51 -9999     0 -9999
2017 02 05 00   144    94 10185   200    41     6 -9999    10
2017 02 05 01   139    94 10184   220    31     4 -9999 -9999
2017 02 05 02   133    94 10191   230    51     4 -9999 -9999
2017 02 05 03   133    94 10193   210    41 -9999     0 -9999
2017 02 05 04   133    89 10191   200    31 -9999     0 -9999
2017 02 05 05   133    94 10189   220    57 -9999     0 -9999
2017 02 05 06   128    94 10192   130    31     4     0 -9999
2017 02 05 07   128    94 10183   150    36     2     0 -9999
2017 02 05 08   122    89 10182   130    31     2     0 -9999
2017 02 05 09   111    89 10177     0     0     4     0 -9999
2017 02 05 10   117    94 10173   120    15     4     0 -9999
2017 02 05 11   106    89 10165     0     0     0     0 -9999
2017 02 05 12   106    89 10165   300    15     6     0 -9999
2017 02 05 13   106    89 10161   250    15 -9999     0 -9999
2017 02 05 14   111    94 10159   360    15 -9999     0 -9999
2017 02 05 15   111    94 10153   110    26 -9999     0 -9999
2017 02 05 16   106    89 10151   130    31 -9999     0 -9999
2017 02 05 17   111    89 10145   100    31 -9999     0 -9999
2017 02 05 18   117    94 10140   100    31     6     0 -9999
2017 02 05 19   122    94 10137    90    31 -9999     0 -9999
2017 02 05 20   150    89 10129   190    72 -9999     0 -9999
2017 02 05 21   156    89 10114   190    82 -9999     0 -9999
2017 02 05 22   150    89 10098   160    82 -9999     0 -9999
2017 02 05 23   144    94 10090   160    88 -9999     0 -9999
2017 02 06 00   144    89 10088   170    72     8     0 -9999
2017 02 06 01   139    94 10077   150    72 -9999    -1 -9999
2017 02 06 02   133   100 10070   170   129 -9999    15 -9999
2017 02 06 03   128   106 10070   100    57 -9999    10 -9999
2017 02 06 04   144   100 10071   170   103 -9999    -1 -9999
2017 02 06 05   139   111 10069   180    82 -9999     5 -9999
2017 02 06 06   150   106 10073   180    77     8     3    30
2017 02 06 07   144   111 10074   190    62 -9999     8 -9999
2017 02 06 08   144   111 10071   140    41 -9999    -1 -9999
2017 02 06 09   144   117 10072   230    31 -9999     3 -9999
2017 02 06 10   144   111 10076   240    41 -9999     0 -9999
2017 02 06 11   150   111 10078   200    46 -9999     0 -9999
2017 02 06 12   150   111 10080   210    31     8     0    10
2017 02 06 13   150   111 10085   190    51 -9999     0 -9999
2017 02 06 14   144   111 10083   210    41 -9999     3 -9999
2017 02 06 15   139   100 10095   190    46 -9999     3 -9999
2017 02 06 16   133   117 10101   170    21 -9999     3 -9999
2017 02 06 17   139   117 10105   200    36 -9999     3 -9999
2017 02 06 18   144   117 10115   220    46     8     3    10
2017 02 06 19   144   117 10119   210    46 -9999     5 -9999
2017 02 06 20   150   122 10118   200    41 -9999     5 -9999
2017 02 06 21   150   122 10119   200    51 -9999     8 -9999
2017 02 06 22   150   122 10119   200    67 -9999     5 -9999
2017 02 06 23   150   122 10118   190    57 -9999    -1 -9999
2017 02 07 00   150   111 10118   180    77     8     0    20
2017 02 07 01   144   111 10118   170    77 -9999     3 -9999
2017 02 07 02   139   106 10117   170   113 -9999    -1 -9999
2017 02 07 03   133   106 10114   160    62 -9999     8 -9999
2017 02 07 04   133   111 10111   130    46 -9999    15 -9999
2017 02 07 05   133   111 10108   130    46 -9999    15 -9999
2017 02 07 06   128   117 10106   150    51     8    20    60
2017 02 07 07   144   117 10097   180   124 -9999    20 -9999
2017 02 07 08   156   122 10098   180   103 -9999     5 -9999
2017 02 07 09   156   128 10088   170   113 -9999    13 -9999
2017 02 07 10   161   139 -9999   200   113 -9999    13 -9999
2017 02 07 11   167   139 10079   190   118 -9999     8 -9999
2017 02 07 12   167   139 10084   190   154     8     3    60
2017 02 07 13   161   144 10071   190   144 -9999    18 -9999
2017 02 07 14   167   144 10069   180   165 -9999    48 -9999
2017 02 07 15   161   144 10079   200   165 -9999    38 -9999
2017 02 07 16   161   144 10092   200   139 -9999    18 -9999
2017 02 07 17   156   144 10107   220    82 -9999    38 -9999
2017 02 07 18   161   144 10118   220    93     8    20   180
2017 02 07 19   167   150 10132   240    57 -9999     5 -9999
2017 02 07 20   161   139 10136   240    67 -9999 -9999 -9999
2017 02 07 21   161   133 10132   230    36 -9999 -9999 -9999
2017 02 07 22   161   139 10136   270    41 -9999 -9999 -9999
2017 02 08 00   150   133 10144   280    46 -9999 -9999     5
2017 02 08 01   144   133 10158   280    51 -9999 -9999 -9999
2017 02 08 02   144   133 10159   300    15 -9999 -9999 -9999
2017 02 08 03   150   128 10157   160    26 -9999 -9999 -9999
2017 02 08 04   144   122 10169   120    15 -9999 -9999 -9999
2017 02 08 05   139   122 10174    90    21 -9999 -9999 -9999
2017 02 08 06   133   122 10179     0     0 -9999 -9999 -9999
